4 14 6 -2 3 3 15 2 -5 -7 4 -23 2 1 -3 -2 16 //Gaussiana normal
4 -7 2 -3 4 5 -1 14 -1 1 9 -7 5 -12 13 -8 -4 //Pivoteo Parcial
4 -7 2 -3 4 5 -1 14 -1 1 9 -7 13 -12 13 -8 -4 //Pivoteo Total
4 36 3 -4 5 5 -45 10 -2 6 8 57 5 2 3 -8 -42 //Crout Doolittle
3 13 -4 -5 3 -7 2 -4 5 -16 //Jacobi Seidel
3 13 -4 -9 3 -7 4 -4 15 -16 //Relajados
3 5 3 1 3 4 -1 1 -1 4 // Relajados
4 4 3 -2 -7 3 12 8 -3 2 3 -9 2 1 -2 -5 6 //gauss lu
4 -7 2 -3 4 5 -1 14 -1 1 9 -7 5 -12 13 -8 -4 //gauss lu pivoteo 
12 1 0 0 0 0 0 0 0 0 0 0 0 12 1 1 1 0 0 0 0 0 0 0 0 0 9 3 1 0 0 0 0 0 0 0 0 0 0 0 0 16 4 1 0 0 0 0 0 0 6 1 0 -6 -1 0 0 0 0 0 0 0 0 0 0 9 3 1 0 0 0 0 0 0 0 0 0 0 0 0 16 4 1 0 0 0 0 0 0 8 1 0 -8 -1 0 0 0 0 0 0 0 0 0 0 25 5 1 0 0 0 0 0 0 0 0 0 0 0 0 49 7 1 0 0 0 0 0 0 10 1 0 -10 -1 0 0 0 0 0 0 0 0 0 0 25 5 1

